47 53 30 87 48 62 30 11 72 83 37 69 24 06 54 02 10 92 73 05 31 53 37 70 34 51 63 71 28 84 90 21 50 70 36 28 18 27 81 40 44 84 12 48 81 29 51 22 92 74 54 08 97 39 01 31 89 90 99 36 41 65 05 68 65 58 24 06 21 74 62 61 38 90 18 60 44 91 45 91 66 30 18 12 13 42 59 45 48 19 37 71 97 35 94 37 56 10 34 03
47 38 08 20 01 76 50 29 99 65 62 29 32 51 01 38 95 53 89 37 56 99 55 80 94 66 80 88 74 06 77 59 30 33 01 14 43 03 38 16 62 06 51 23 82 70 81 34 94 35 83 76 04 26 05 90 50 62 51 32 35 80 33 33 30 08 09 05 54 70 13 60 32 31 40 94 72 20 82 41 98 91 91 12 33 09 51 72 89 47 38 97 85 53 11 22 84 07 56 24
38 62 60 52 61 10 85 89 43 17 40 68 44 42 31 45 40 25 63 25 26 00 64 57 98 64 32 13 71 61 43 46 68 47 53 91 41 51 25 24 74 47 59 60 29 12 75 23 28 41 52 35 58 36 66 52 70 09 52 12 91 68 49 92 09 77 17 98 73 52 76 91 69 74 48 93 80 60 82 70 01 22 51 77 97 47 10 18 75 97 18 82 74 55 26 73 41 60 77 82
99 48 98 08 01 94 32 57 55 79 36 41 65 18 85 87 44 81 36 42 67 06 56 96 64 33 43 64 61 86 10 22 92 38 42 79 45 24 18 76 24 93 18 51 12 27 49 19 37 43 78 45 46 83 86 60 08 65 87 52 05 42 57 53 91 45 44 14 35 19 70 06 30 23 00 11 89 15 16 82 17 75 43 17 99 65 95 18 91 68 46 04 14 47 25 42 61 22 35 26
67 85 57 39 29 80 68 17 10 90 61 23 76 08 29 35 15 50 71 30 26 63 99 70 00 04 55 71 46 38 19 77 80 56 30 39 33 36 94 57 63 98 20 32 15 86 11 28 84 21 67 93 40 78 22 52 12 40 93 56 95 09 52 11 68 87 23 69 07 03 42 89 66 75 34 56 43 56 93 71 84 31 29 87 27 87 12 55 23 05 61 85 51 45 52 92 25 21 13 28
49 91 40 76 78 96 23 31 93 71 57 23 62 64 10 29 46 53 41 47 50 45 55 88 82 34 86 83 64 02 90 20 55 80 00 17 56 83 74 71 47 46 04 26 82 13 41 35 26 41 73 71 17 04 62 68 70 22 29 90 05 51 69 02 55 19 41 61 98 78 84 27 59 60 40 10 38 65 15 49 39 85 28 35 29 84 07 26 35 45 60 78 79 08 73 97 80 85 98 01
96 75 09 29 64 58 93 35 59 47 51 85 83 22 25 41 05 79 49 67 88 24 46 74 65 24 40 59 18 56 35 38 54 32 13 56 02 08 68 15 03 14 85 96 57 23 85 60 51 37 61 31 12 79 66 81 32 97 99 74 86 00 15 22 35 51 59 50 82 38 13 90 30 73 78 47 06 51 58 66 47 21 72 86 43 60 59 91 49 08 58 02 99 26 38 29 91 38 65 85
58 06 27 17 79 22 92 77 05 36 90 27 96 95 06 05 58 04 48 59 25 18 55 09 78 41 15 97 75 27 79 74 13 57 79 74 82 28 11 91 39 45 01 06 96 01 22 10 77 01 98 98 99 92 88 23 64 87 77 14 29 26 89 93 44 43 87 43 65 36 36 12 97 53 20 00 72 61 21 75 01 51 74 35 69 27 76 56 74 86 66 32 82 72 92 14 88 80 99 98
17 35 47 99 19 43 34 66 34 71 49 46 38 72 06 61 44 99 66 28 17 09 18 71 98 36 07 63 69 83 37 49 33 51 99 62 29 92 11 49 37 57 74 32 72 70 25 66 20 26 85 68 74 13 50 81 29 97 10 85 90 62 74 94 96 47 49 17 82 47 01 52 35 90 79 29 69 41 59 81 48 18 55 73 40 02 06 89 29 63 20 47 51 91 22 41 18 99 65 77
61 68 20 62 02 24 63 56 00 46 75 31 70 21 54 10 13 69 77 79 48 93 84 49 83 21 77 24 39 52 19 97 65 23 85 02 90 14 53 08 87 45 33 39 95 08 47 45 87 52 09 66 55 52 85 79 54 53 34 39 53 40 97 54 01 16 48 73 41 19 83 07 47 94 64 03 07 31 97 25 57 93 95 22 75 73 65 16 00 76 54 68 88 81 41 52 43 46 17 05
02 89 64 03 39 49 84 24 40 66 20 53 83 60 87 15 63 39 13 15 98 02 54 19 15 33 66 32 24 67 15 82 91 37 77 85 29 60 80 62 43 45 04 26 41 19 65 45 28 84 22 78 28 58 61 24 66 64 64 71 65 12 08 95 55 94 06 00 42 97 12 40 39 57 70 93 19 47 04 86 47 09 99 06 98 64 37 71 78 67 61 86 02 10 99 05 70 17 78 48
74 54 10 37 26 15 75 19 73 76 08 91 56 12 05 95 75 09 85 00 98 68 94 62 11 48 29 86 16 06 37 19 39 85 34 58 47 68 52 52 32 63 06 77 32 24 53 12 51 78 81 24 85 06 64 90 12 44 82 10 89 86 28 04 97 49 10 00 24 32 31 75 67 03 15 83 52 34 38 57 40 62 95 26 68 40 19 79 36 55 68 68 22 09 33 14 50 14 73 98
69 11 20 60 31 87 83 08 76 44 83 44 51 82 09 88 30 86 66 61 18 87 69 41 59 47 73 46 77 40 34 47 99 30 13 50 14 25 82 53 96 93 18 44 95 44 28 77 45 73 99 37 72 64 88 44 85 38 63 94 30 16 76 97 06 44 58 82 96 10 83 31 10 98 57 99 56 65 19 14 99 92 44 48 34 32 25 25 43 53 17 78 14 36 75 13 90 18 51 18
60 18 98 40 47 57 39 50 73 36 59 20 81 10 31 88 14 66 77 98 97 15 56 46 43 84 57 66 94 91 30 01 19 65 78 49 08 50 83 35 79 60 48 40 96 94 49 59 07 73 15 45 78 54 67 88 08 78 33 53 50 84 49 09 05 31 61 56 63 38 29 62 18 29 70 17 08 26 88 57 87 50 54 41 40 44 54 99 19 86 39 49 39 02 68 43 03 31 85 01
92 78 37 25 74 95 27 48 47 57 39 71 90 73 95 63 57 69 38 67 12 08 16 54 95 25 95 90 54 32 45 89 30 93 32 94 25 99 05 96 55 02 10 12 45 03 51 11 03 99 72 71 48 22 74 66 80 27 56 72 82 25 42 34 43 50 87 14 58 28 87 40 16 41 86 06 78 11 59 19 18 08 15 61 07 55 37 37 00 96 25 42 97 52 96 63 42 24 86 33
49 98 94 53 44 88 56 87 80 35 32 87 72 02 02 88 90 33 94 40 79 74 63 57 33 55 65 54 86 20 79 72 33 72 56 16 66 07 30 18 11 21 69 56 65 65 76 20 35 03 23 77 53 11 71 13 52 57 38 28 42 87 48 24 28 79 01 07 07 57 50 71 64 60 08 73 16 19 52 25 17 10 92 90 56 04 83 16 87 10 26 27 38 68 92 04 55 06 21 62
69 49 60 18 42 14 43 11 94 75 79 39 98 06 76 28 01 43 17 10 22 85 95 33 13 02 95 13 94 04 31 49 77 60 73 07 02 03 57 99 10 66 28 03 40 63 90 26 97 03 26 11 60 72 87 33 60 58 42 77 63 50 52 64 77 40 56 40 86 50 99 04 97 28 16 19 91 16 81 66 73 48 66 25 05 40 97 88 33 69 80 55 82 29 17 16 99 54 41 55
54 62 61 91 95 44 27 44 17 44 20 57 63 51 05 99 63 28 06 75 79 88 51 05 18 83 31 67 34 08 41 09 50 00 49 43 80 64 71 54 52 16 63 02 82 47 37 64 83 22 17 71 23 73 11 54 88 08 77 87 90 71 84 51 56 18 74 05 83 77 82 08 37 48 66 46 50 42 22 36 60 27 28 87 42 97 73 20 79 87 05 28 57 31 58 37 62 09 92 56
55 81 68 91 82 98 04 01 07 84 01 74 40 20 12 56 24 27 43 28 67 35 62 03 32 98 23 59 00 54 53 41 65 13 59 89 40 84 98 32 78 35 12 72 14 77 79 18 68 76 91 74 68 09 94 65 14 35 78 37 86 39 94 10 88 02 32 02 14 07 52 19 57 88 64 50 42 85 28 24 14 61 16 12 04 19 24 66 42 52 75 40 95 30 62 23 31 20 72 99
60 40 56 42 25 89 34 36 19 94 28 79 03 54 86 63 19 49 22 62 19 30 28 25 54 04 72 53 02 21 82 76 16 73 50 00 62 98 62 04 33 33 34 76 05 18 70 61 97 64 29 51 69 04 92 42 78 80 12 62 29 84 94 15 83 63 84 27 41 98 92 12 90 61 01 26 96 77 47 11 60 54 32 95 22 32 51 63 94 30 13 64 61 90 57 68 81 25 56 35
89 45 32 89 33 49 99 65 61 81 04 34 39 59 34 96 61 76 14 15 67 26 20 91 60 81 05 99 23 26 56 16 96 80 57 39 56 40 99 52 24 58 75 34 42 39 37 86 46 56 20 88 32 74 02 72 32 18 60 83 14 98 52 82 83 95 25 75 18 30 72 32 02 89 51 07 59 21 78 35 08 89 08 86 90 39 76 26 57 26 93 46 72 10 35 69 28 73 55 30
99 42 44 45 88 75 35 72 87 02 22 22 79 74 53 04 44 17 63 66 04 43 51 04 42 66 46 28 67 65 80 70 97 97 92 58 75 62 10 90 83 46 67 63 15 01 80 73 39 87 71 98 21 15 19 21 46 61 84 78 66 87 42 62 47 53 76 44 64 51 22 75 69 50 14 87 00 27 63 45 86 46 66 52 75 09 25 02 62 82 09 36 62 37 12 27 78 25 74 14
58 01 27 74 91 45 81 02 26 22 47 25 33 22 68 35 55 30 87 52 56 53 43 17 86 64 01 94 72 91 34 43 52 52 79 93 27 43 06 72 74 30 54 47 41 71 73 49 85 80 08 34 72 62 81 89 27 87 58 49 97 37 11 73 22 50 31 61 80 01 29 36 01 91 41 20 87 07 64 38 07 56 94 19 54 69 25 14 43 82 40 64 75 46 02 96 38 99 98 80
93 64 23 73 60 54 80 00 48 44 43 25 99 40 55 57 27 61 40 15 17 57 30 04 92 18 93 62 64 25 69 04 43 20 44 72 88 87 07 19 18 35 30 40 60 89 81 39 54 97 14 84 96 24 64 97 24 84 18 92 42 18 66 23 00 59 60 56 77 20 93 03 85 09 14 08 73 79 95 70 55 75 75 64 79 49 33 47 65 44 46 34 24 67 97 93 08 10 58 31
90 88 54 72 54 07 77 98 59 06 59 74 37 86 64 74 00 55 18 50 96 29 75 52 02 19 84 87 82 21 78 84 83 25 62 59 84 31 33 31 55 09 50 31 92 94 31 11 04 91 94 61 37 37 53 46 76 29 70 81 00 65 60 39 81 78 07 60 47 15 72 71 52 92 90 00 07 21 84 53 05 76 50 08 21 17 18 79 36 14 37 28 47 51 03 79 92 10 81 06
46 37 86 29 95 19 59 30 64 21 35 73 03 28 52 14 83 34 05 30 70 99 44 59 69 19 61 48 32 86 56 75 56 84 52 60 48 24 80 70 16 98 20 39 41 75 53 31 02 58 03 64 08 63 57 96 92 20 06 85 98 06 12 51 72 66 06 73 07 82 53 08 77 55 30 70 36 88 65 58 50 00 07 20 53 81 99 98 51 49 12 97 99 24 04 93 54 07 65 34
28 24 70 69 11 19 71 41 54 86 26 84 27 48 35 89 98 38 81 03 41 78 86 57 56 50 41 86 45 01 75 75 76 74 96 64 46 51 54 86 10 70 14 03 10 62 16 16 78 22 95 42 72 40 69 99 22 86 55 41 33 30 16 67 50 64 29 06 80 06 93 30 37 76 56 93 19 56 91 91 95 37 26 98 76 04 37 22 03 40 61 85 27 29 57 39 23 58 33 83
42 56 64 63 19 07 13 24 21 71 94 97 75 44 06 34 28 64 35 18 28 12 83 02 67 69 21 27 34 41 77 51 08 30 17 35 38 58 11 08 41 30 19 05 79 26 11 16 00 89 07 34 46 82 33 84 47 62 54 40 79 12 88 38 68 26 53 61 72 33 04 42 02 40 83 81 77 63 53 32 02 83 19 96 29 05 74 45 19 80 00 02 11 41 86 80 51 82 54 02
48 06 57 28 37 55 77 79 00 73 31 93 36 43 50 30 05 77 85 46 32 03 02 53 49 61 08 86 06 33 98 71 09 29 49 88 91 16 40 05 99 65 41 64 37 36 74 99 86 83 87 68 10 68 77 65 74 61 99 83 20 46 71 05 43 85 94 83 98 18 41 27 63 21 75 66 28 23 16 51 63 72 14 75 48 85 19 28 64 15 38 36 81 87 78 25 77 56 54 77
78 51 42 63 06 75 60 07 00 84 40 14 06 36 06 75 37 10 22 23 32 42 61 17 25 49 74 90 41 75 34 75 81 49 18 30 87 75 53 17 55 93 32 26 57 53 01 12 25 97 71 61 49 64 54 44 18 73 49 27 42 69 67 66 51 82 36 22 43 56 97 17 59 26 02 13 35 90 40 87 58 31 17 69 75 56 11 31 17 27 66 52 27 03 23 98 16 10 40 73
04 58 84 14 92 09 23 64 53 73 22 28 22 04 48 50 62 95 79 94 42 97 12 40 20 54 62 00 80 06 44 04 91 98 34 26 55 11 85 77 43 99 46 30 21 66 05 00 55 71 58 59 49 14 61 77 81 72 16 01 46 41 11 44 22 08 62 29 54 96 17 66 72 42 61 68 30 58 36 14 16 89 81 73 30 20 21 82 35 20 55 82 78 57 85 08 19 28 92 91
19 20 32 57 31 00 22 78 88 73 90 46 66 05 30 08 71 50 47 16 78 05 00 02 28 08 01 80 71 48 24 70 95 55 06 05 29 07 44 15 37 03 26 19 66 13 37 42 05 99 24 20 29 89 68 60 79 57 91 17 32 81 83 71 30 28 73 84 31 24 83 51 79 10 75 64 78 50 32 97 31 61 87 94 57 21 82 67 19 83 52 37 31 68 79 33 66 48 29 27
19 70 35 61 47 02 78 34 15 78 48 48 66 93 79 96 85 35 33 99 93 86 05 52 77 19 13 47 06 64 03 39 74 13 71 68 05 34 93 21 25 30 08 43 50 78 95 63 92 51 20 73 13 08 47 65 39 19 61 29 73 93 06 93 50 39 15 19 01 22 13 51 35 08 41 02 59 34 00 34 13 70 35 71 83 26 61 31 74 06 86 28 24 53 00 42 34 61 40 69
82 00 11 79 86 06 03 22 35 14 14 46 25 29 73 34 26 28 86 69 33 73 13 84 52 57 64 61 54 12 86 02 71 87 26 76 75 31 39 80 92 06 27 85 39 95 23 81 65 10 91 82 97 28 61 57 08 44 18 33 62 58 55 70 37 03 69 94 92 88 38 88 58 93 77 41 31 70 57 64 72 99 63 51 65 58 74 64 31 08 59 50 36 78 57 18 14 79 46 52
66 70 47 14 56 60 05 30 02 71 27 54 94 32 79 76 20 27 29 58 22 64 32 16 47 85 09 33 77 30 51 36 87 94 20 03 92 23 11 36 04 90 89 01 85 38 34 56 75 77 29 17 13 90 39 22 66 42 44 41 22 14 98 99 73 86 55 10 41 45 66 38 17 45 80 02 87 35 12 03 44 86 09 33 78 30 60 46 18 58 25 95 45 83 80 64 83 37 69 73
54 74 31 41 09 93 92 31 42 69 89 49 23 57 72 04 61 16 35 34 66 12 75 17 66 40 44 91 79 24 08 71 77 74 76 85 00 33 53 76 87 95 58 33 91 63 54 39 23 17 24 39 66 26 48 54 97 91 13 48 01 17 71 13 26 95 71 78 79 47 79 49 90 08 46 16 57 26 93 45 57 44 94 46 31 11 89 78 13 38 74 63 88 83 58 94 40 80 15 00
47 83 50 47 81 57 95 77 12 00 08 97 92 28 43 54 97 11 76 79 83 66 25 17 93 00 16 78 54 47 26 66 27 50 95 84 29 04 49 50 44 36 01 61 24 56 48 07 48 05 94 60 92 74 47 29 01 84 24 65 80 94 25 50 15 67 90 61 43 43 57 71 15 94 49 32 96 48 15 98 20 55 62 63 93 21 65 96 76 85 64 28 11 05 81 73 93 27 16 25
65 46 60 88 67 75 20 85 22 37 63 53 63 95 72 22 38 98 20 28 08 83 28 89 58 90 34 76 17 01 92 01 69 08 11 68 43 71 64 58 81 00 94 52 57 99 70 82 21 13 15 97 56 52 02 60 84 80 04 81 03 86 65 00 12 85 53 02 14 40 23 10 57 91 28 32 48 87 18 31 38 71 31 24 06 06 14 10 54 61 33 87 85 89 96 40 39 66 83 93
59 67 72 94 92 94 28 25 04 20 61 80 49 14 05 04 57 08 74 85 35 96 63 24 34 96 08 42 51 79 30 98 55 08 05 08 58 60 09 27 27 50 84 17 48 73 81 85 93 08 84 57 15 94 15 06 36 33 51 57 61 17 78 22 05 06 45 48 80 73 61 19 51 66 53 15 30 14 12 23 91 77 06 43 47 93 78 07 56 31 90 83 39 30 14 71 39 18 59 70
95 59 21 95 91 76 20 01 91 57 09 30 50 95 65 59 56 24 86 60 79 97 28 13 40 85 29 81 36 52 12 53 78 34 16 00 12 84 10 20 00 46 43 69 80 83 07 74 09 89 00 35 48 35 98 44 92 99 97 80 58 50 13 94 45 20 33 83 65 05 76 05 00 71 87 48 68 32 64 41 01 06 12 23 78 34 79 64 89 76 90 34 19 88 00 42 01 52 38 19
51 65 18 99 46 35 23 71 77 28 26 79 34 78 35 96 50 63 87 97 05 59 35 38 53 99 54 99 14 83 05 40 79 60 97 31 93 79 05 50 30 89 75 94 13 50 87 83 84 16 33 98 21 29 80 38 29 43 52 02 49 64 54 16 42 25 85 89 75 75 95 05 45 83 33 69 95 43 67 14 95 51 12 33 85 05 17 08 26 59 06 33 17 14 70 74 12 99 18 93
75 89 89 02 15 81 04 43 51 34 36 36 29 08 54 98 49 10 50 88 07 80 37 74 32 29 52 55 71 49 83 81 75 05 40 83 35 60 63 56 40 78 84 62 28 29 85 71 23 20 20 80 13 24 65 86 40 18 97 72 22 22 58 29 20 08 65 18 19 72 10 53 25 97 49 43 43 59 44 50 03 25 49 88 82 75 33 18 46 82 30 11 86 75 03 90 35 61 64 45
24 19 79 43 87 53 05 01 22 37 82 20 70 82 76 28 61 37 37 83 72 37 08 30 25 98 60 70 36 47 75 46 55 41 21 02 64 86 93 62 63 02 68 21 45 61 45 52 54 57 70 18 04 30 90 56 00 38 09 88 68 60 57 01 83 56 31 65 62 63 36 82 01 27 67 41 91 46 60 35 51 45 20 14 69 77 59 72 61 86 18 01 70 89 39 27 12 36 87 52
26 34 84 08 17 36 30 57 25 53 02 96 85 77 49 10 68 93 31 38 61 81 01 50 55 82 43 11 94 02 80 78 13 23 17 48 46 02 23 62 63 63 24 02 97 88 78 28 39 87 75 74 93 48 87 94 22 06 76 51 43 11 38 45 06 16 82 87 88 14 03 61 06 17 71 96 47 43 58 59 66 21 71 90 45 20 85 95 14 00 74 01 86 29 99 40 17 86 41 41
11 97 90 83 00 25 77 86 83 35 23 00 71 62 39 91 98 28 72 26 33 27 50 23 41 34 50 11 08 39 20 41 52 43 43 81 97 87 64 98 88 69 01 49 70 28 28 91 34 93 64 54 40 28 49 21 85 81 05 95 01 12 45 16 06 63 69 74 75 38 68 27 55 69 19 10 60 36 58 21 92 07 54 00 91 91 12 02 34 91 86 19 26 92 50 39 40 77 77 88
09 45 70 84 42 11 00 44 00 97 77 53 25 40 84 80 37 28 59 10 13 31 75 09 67 65 14 04 01 31 72 96 32 24 15 98 02 84 03 65 83 69 64 80 28 75 21 35 31 96 62 08 79 09 14 52 12 10 40 35 57 49 50 82 17 49 22 73 56 14 75 55 00 05 68 58 53 91 12 03 56 40 92 15 28 59 80 26 15 20 73 39 47 61 05 49 98 51 34 46
89 82 48 87 64 11 96 74 32 25 45 72 19 30 92 08 20 36 97 82 12 95 18 76 96 55 18 83 21 05 45 48 47 82 80 85 87 62 94 43 30 74 34 94 01 32 63 27 13 18 14 48 56 79 53 72 93 67 60 00 41 61 77 77 97 49 16 55 72 89 85 30 08 00 95 43 58 35 16 10 53 01 36 51 79 44 18 45 11 61 19 43 96 26 97 01 12 45 64 52
76 73 81 02 61 37 23 93 75 07 04 29 80 62 92 64 11 65 12 96 53 53 42 76 46 85 61 99 92 50 76 04 22 50 17 89 03 04 89 46 83 49 06 46 92 06 67 11 47 48 47 82 67 37 00 57 28 80 92 87 01 50 59 84 03 10 51 66 72 48 20 98 23 21 13 17 72 00 40 86 53 56 82 37 55 57 31 25 14 29 00 71 45 36 87 42 73 60 02 83
90 79 53 22 46 92 52 91 17 78 73 66 95 27 63 12 16 12 75 82 68 38 98 17 93 67 73 60 19 91 07 32 56 97 26 34 38 64 81 65 50 79 08 08 09 67 09 04 20 42 73 21 81 99 12 74 46 98 12 44 09 79 36 15 70 05 26 78 06 53 80 58 16 00 81 91 08 68 83 86 02 03 50 86 67 37 08 19 44 22 85 96 09 48 36 02 54 32 75 95
94 60 49 45 91 27 97 62 26 54 10 43 45 23 71 30 71 25 59 22 48 07 71 93 45 61 70 98 42 10 93 47 78 59 01 80 36 30 56 20 80 12 49 73 29 43 99 30 61 85 84 47 36 05 90 85 52 41 16 57 06 37 99 97 65 00 62 25 06 78 36 03 74 13 94 25 21 00 36 78 94 05 33 62 82 41 22 70 18 95 47 63 88 55 29 23 82 69 55 20
19 86 37 53 17 31 80 92 88 25 55 93 06 42 65 64 15 01 72 85 81 07 33 28 64 50 43 38 49 28 00 91 71 55 33 80 51 83 12 25 44 46 70 56 11 42 33 78 80 90 54 71 52 27 67 41 21 22 10 13 75 78 85 33 03 29 67 95 59 77 68 58 26 31 83 21 76 38 63 05 56 38 47 19 99 73 18 12 36 16 10 88 78 66 30 76 86 58 01 50
30 69 84 77 50 31 37 46 05 00 73 23 47 51 21 92 21 18 20 87 26 36 10 58 54 66 92 55 94 79 89 25 09 16 93 18 11 22 30 09 64 36 93 32 97 08 47 23 36 72 21 98 46 99 66 87 52 08 95 76 72 84 19 10 17 32 68 14 56 79 01 73 39 79 21 96 53 88 07 01 72 42 09 95 63 58 60 22 91 46 20 63 35 02 26 81 73 28 43 91
93 12 49 55 07 89 55 46 59 63 93 41 18 55 17 43 17 74 16 10 85 19 83 65 76 83 43 61 14 85 80 25 67 52 26 05 13 32 66 26 13 34 78 69 39 49 06 64 15 80 35 41 88 01 96 94 63 84 05 82 40 38 01 92 08 16 59 31 05 34 50 66 90 55 88 73 66 11 67 48 60 88 26 45 79 52 61 48 08 04 16 24 88 11 10 56 21 09 97 66
36 45 85 36 75 07 38 42 62 91 85 32 39 33 02 83 30 42 37 75 47 25 15 96 58 29 06 71 12 49 58 47 81 80 48 47 34 98 13 53 04 60 59 88 66 45 58 59 70 05 17 73 44 02 02 69 44 88 49 98 71 02 75 96 58 25 60 66 29 68 99 72 61 73 41 84 41 44 84 33 78 08 24 25 70 47 89 36 23 22 03 91 66 23 37 56 02 86 65 46
64 89 99 09 89 96 37 09 44 36 25 58 66 18 02 12 30 48 77 83 57 53 33 02 22 04 23 98 18 65 44 71 40 84 41 86 22 34 20 54 22 95 97 72 82 12 65 28 16 82 02 65 60 28 44 03 31 77 19 79 71 83 84 74 96 53 68 81 62 53 62 32 83 68 07 92 05 43 71 36 68 41 55 42 07 64 55 29 45 69 88 41 53 09 08 03 93 18 77 51
32 36 55 88 88 75 68 45 55 47 16 28 89 78 03 35 10 37 70 06 48 27 67 13 20 09 96 58 09 20 64 89 62 87 75 06 50 89 65 06 14 74 28 45 93 20 31 72 62 70 94 24 31 98 38 34 02 50 20 42 45 26 51 74 47 26 00 53 37 18 84 99 30 72 31 99 79 36 70 98 73 04 36 67 92 45 23 39 31 68 79 48 84 43 62 37 73 05 15 76
43 22 06 22 72 52 07 79 20 64 24 46 06 56 43 54 51 75 39 31 36 67 64 92 98 77 05 59 73 61 34 90 34 78 53 77 63 74 21 65 72 84 64 58 93 05 69 49 36 61 98 22 65 38 06 68 62 55 08 96 45 84 26 18 70 09 00 25 38 91 01 86 96 24 99 33 56 47 93 37 37 89 82 06 42 90 37 73 01 19 39 88 54 19 29 02 37 04 56 02
06 46 74 08 99 84 90 87 81 47 35 40 26 80 00 01 81 10 55 45 38 50 55 17 72 88 06 58 89 93 78 75 58 98 99 72 02 09 43 13 49 77 86 76 02 83 51 88 11 64 38 72 62 05 03 41 60 72 43 03 63 21 73 54 98 81 69 16 02 19 38 35 18 30 46 51 41 11 02 68 47 73 48 56 18 58 20 63 74 60 82 90 15 92 22 24 83 92 40 01
75 04 44 54 31 76 77 73 63 41 18 00 73 67 50 87 97 98 74 37 44 38 94 68 88 77 30 68 13 43 12 63 12 54 99 82 85 00 49 47 85 32 95 62 82 14 92 88 56 09 97 11 11 92 88 44 73 22 69 29 82 79 99 76 69 33 55 81 80 66 11 54 59 00 86 63 08 22 17 91 44 46 44 54 46 08 53 95 12 83 33 16 21 59 52 71 51 94 70 71
57 77 90 16 46 16 50 99 31 65 08 48 19 36 20 16 05 79 44 71 44 56 95 73 47 47 60 18 54 94 82 19 23 36 95 90 52 81 16 10 73 14 31 32 78 55 42 37 42 67 85 78 76 71 68 49 11 86 51 05 60 81 14 79 73 03 19 73 17 55 75 79 99 47 40 30 20 85 75 53 21 18 30 15 60 69 61 58 98 95 34 99 15 19 48 36 87 04 31 56
26 42 65 47 71 07 93 33 10 45 97 76 43 12 18 39 62 80 55 57 17 72 24 45 82 34 07 27 63 92 99 75 13 79 23 99 80 62 76 52 29 91 88 63 11 00 15 20 14 67 07 31 73 13 32 30 45 12 60 88 97 71 15 74 23 76 63 06 36 48 40 67 10 94 39 26 18 68 86 30 82 04 82 14 55 49 92 41 87 08 26 65 73 83 99 58 93 21 93 96
57 65 79 93 27 86 93 61 29 41 91 82 19 93 10 29 61 02 18 24 84 20 80 94 69 70 28 04 67 04 25 69 46 71 18 61 93 57 98 27 68 14 80 90 53 30 37 81 61 18 46 92 78 68 27 90 73 16 82 05 53 34 05 02 07 16 83 19 81 95 14 18 03 88 93 30 20 46 83 74 79 19 96 16 03 36 98 41 36 99 96 07 86 03 46 68 32 49 76 43
54 72 13 43 69 63 56 36 75 83 07 66 02 51 11 22 66 89 49 48 72 85 38 82 55 81 53 89 63 25 87 51 70 71 18 12 01 10 87 07 02 04 61 25 29 23 82 42 05 57 49 18 61 56 37 91 50 38 97 39 89 69 72 84 28 52 15 25 13 73 34 00 48 91 77 87 15 81 43 28 73 48 72 13 29 87 86 45 16 84 12 34 22 86 91 44 63 25 54 36
27 87 63 08 00 10 17 17 39 42 82 98 77 58 61 01 53 35 67 38 26 28 87 62 29 17 11 51 09 05 69 94 44 45 95 25 57 88 48 74 01 24 48 02 07 47 32 43 14 93 58 52 88 40 49 20 02 28 12 05 72 61 83 27 06 72 11 20 32 05 15 77 09 84 31 47 85 57 54 71 93 85 45 26 46 43 83 28 09 18 34 56 38 45 17 35 81 92 53 06
48 04 87 76 19 06 76 15 40 80 67 78 30 33 21 62 10 79 47 19 60 68 54 90 67 58 97 59 94 57 87 30 53 13 07 42 12 91 40 81 72 84 74 48 40 31 02 15 49 39 98 90 90 76 32 32 21 05 10 84 25 48 01 96 88 40 94 68 13 12 20 28 08 83 49 13 32 57 43 41 30 47 01 85 11 28 64 28 66 87 93 98 16 33 07 91 76 66 68 90
03 13 12 55 28 22 11 31 52 81 44 00 48 56 20 85 51 39 02 66 75 51 76 29 97 09 61 94 89 96 60 20 89 37 58 92 02 92 22 94 01 40 12 92 19 92 53 82 96 62 71 86 58 22 16 96 09 88 60 29 24 60 84 57 08 60 74 71 89 86 46 12 18 69 00 69 73 88 76 23 22 16 93 01 46 69 17 81 25 78 36 09 05 12 66 11 25 04 91 39
77 77 53 27 79 52 10 35 29 99 43 02 08 77 32 27 10 02 36 52 04 57 01 58 21 31 53 92 35 52 36 40 23 88 69 15 45 74 85 75 11 90 33 72 56 69 67 95 33 35 26 82 31 80 38 02 79 87 53 06 17 76 17 89 64 80 66 05 95 97 36 94 29 47 48 24 50 58 88 50 43 47 00 40 58 14 84 11 07 23 95 51 78 45 48 97 91 31 85 55
74 76 23 41 27 68 34 36 18 46 77 82 93 07 68 98 90 53 86 95 74 55 68 56 16 78 78 94 22 57 41 49 43 97 59 67 25 64 56 53 98 00 93 00 52 58 80 64 77 19 31 47 36 81 08 98 26 08 64 13 84 18 11 65 59 92 38 07 21 08 74 49 69 61 32 70 55 39 80 50 35 07 86 60 46 37 90 04 87 38 19 54 48 58 11 84 52 27 77 23
70 79 05 49 98 81 33 69 52 40 85 29 70 82 14 63 87 82 34 58 17 02 87 21 84 41 35 94 74 24 19 93 77 06 69 69 77 54 15 88 01 22 80 21 43 59 64 39 73 91 38 48 37 10 24 61 96 44 39 20 41 33 26 49 70 17 36 50 36 88 82 44 15 29 73 59 24 42 50 93 83 92 52 15 18 36 22 48 38 47 54 65 09 34 35 59 55 67 87 27
09 73 78 66 17 64 40 12 86 09 32 21 85 10 86 85 74 30 13 33 60 99 05 92 27 66 33 50 56 57 54 71 20 48 04 86 35 55 39 90 24 78 46 26 65 29 67 16 94 27 35 56 22 95 16 84 06 20 99 61 38 71 78 55 60 35 14 34 94 86 66 52 53 69 60 92 81 14 47 91 16 12 36 40 85 42 96 68 76 56 78 95 72 24 80 56 68 46 62 50
85 21 40 66 20 17 39 15 58 79 36 28 23 82 10 69 01 78 65 19 28 39 48 00 93 37 06 07 81 82 93 97 46 54 79 49 22 41 41 98 32 00 67 71 88 05 46 73 20 90 20 41 22 32 71 23 24 91 38 35 73 83 93 14 34 19 98 26 73 27 96 33 78 23 94 93 88 13 10 34 92 84 42 71 98 64 87 08 34 86 57 03 00 53 50 16 63 84 59 64
76 11 75 61 55 21 33 11 28 79 30 86 58 04 30 41 89 92 33 63 95 42 52 66 33 47 82 76 57 59 75 27 73 74 62 45 42 33 94 08 47 88 26 48 26 86 04 91 97 98 91 79 66 60 71 46 02 54 47 63 38 82 35 62 46 79 39 42 64 96 51 84 65 21 17 47 65 04 06 97 09 50 13 94 21 92 13 89 09 06 01 78 83 90 76 21 09 55 44 73
57 16 98 25 72 78 32 32 34 77 65 72 39 25 28 63 68 18 46 04 64 51 96 69 87 60 92 21 76 99 27 43 77 27 66 10 02 68 10 69 92 00 49 89 24 76 17 91 99 83 32 66 58 25 76 54 82 69 86 66 73 10 93 32 02 09 93 88 41 37 76 48 74 69 53 40 57 59 80 23 99 91 31 09 78 47 46 53 72 18 63 01 04 45 68 37 64 69 88 33
82 74 19 02 59 39 69 14 37 38 26 45 07 84 01 82 04 87 54 93 23 08 58 33 37 24 13 72 51 14 41 53 11 95 78 23 05 01 97 55 09 87 67 82 47 97 76 03 06 69 30 90 44 05 55 20 44 78 37 29 95 45 00 74 47 24 04 54 25 25 02 59 43 60 69 82 49 24 79 60 56 79 85 65 13 31 49 69 29 86 91 79 59 68 29 88 14 57 67 28
67 13 20 89 01 40 41 89 72 46 89 44 20 01 58 90 75 72 09 58 34 56 51 96 02 68 83 10 88 10 44 59 15 00 77 34 75 68 64 76 12 15 05 74 95 11 33 07 36 57 04 42 44 53 21 87 27 09 07 15 88 85 72 09 83 77 10 16 50 77 94 36 32 36 64 36 29 16 76 67 11 31 75 81 40 98 97 01 20 23 75 48 08 27 06 42 39 63 62 52
65 37 75 66 43 43 50 89 69 12 50 03 00 50 81 36 44 66 57 92 13 86 52 26 03 76 05 14 49 06 56 13 54 19 99 55 66 91 96 44 15 16 98 45 23 97 70 64 76 27 80 87 16 82 81 39 47 73 51 62 11 24 39 86 90 62 30 00 23 02 52 87 59 93 50 64 87 41 32 35 26 46 83 85 33 13 55 86 10 31 19 18 04 93 64 73 96 59 37 39
08 39 40 89 97 90 84 99 88 68 96 37 28 41 25 53 78 92 92 39 06 80 08 96 04 35 86 87 77 92 76 29 48 36 27 02 36 97 87 78 48 64 40 70 62 56 69 89 05 84 99 91 53 19 06 53 25 81 17 41 11 18 58 10 69 92 16 54 40 09 83 34 20 08 81 99 38 14 95 03 47 87 69 99 01 53 10 94 83 85 74 28 90 23 29 04 64 71 41 57
54 95 88 65 06 31 22 69 67 65 01 14 47 63 95 64 24 60 28 74 08 12 38 22 89 90 70 47 47 35 18 50 20 30 81 34 62 13 45 43 18 27 45 85 87 02 32 37 57 61 12 80 88 73 81 66 51 47 07 07 62 76 06 59 39 30 01 99 20 95 51 11 31 31 97 65 69 96 32 03 12 41 14 40 15 82 37 07 87 07 91 65 03 75 67 29 40 54 77 81
61 63 42 14 09 74 31 22 03 77 41 75 03 77 19 74 57 30 72 38 12 11 60 88 57 65 16 22 57 94 19 44 66 83 35 58 11 75 42 61 90 78 91 45 39 59 69 44 82 80 24 46 11 70 31 12 25 80 62 49 12 55 48 71 69 48 73 36 00 37 23 89 26 62 47 96 96 83 16 63 76 84 83 43 07 10 37 15 74 03 49 18 94 92 99 37 23 94 29 05
57 62 57 85 16 68 32 59 69 34 09 36 85 06 02 28 72 26 24 30 73 83 72 92 70 79 03 90 41 82 47 52 22 08 34 27 18 19 35 64 08 62 37 64 58 52 08 84 21 92 53 49 33 04 81 66 44 33 56 06 07 92 41 62 26 28 84 74 07 30 46 42 35 05 75 14 17 96 27 75 27 99 97 24 25 13 44 48 91 11 43 17 53 45 95 82 98 94 41 52
02 05 09 54 92 10 22 32 10 82 29 66 61 39 39 53 76 78 16 32 04 38 46 08 43 18 31 29 02 97 19 30 20 97 78 95 05 22 26 23 43 44 84 63 30 39 95 84 47 54 73 07 72 40 70 01 85 93 51 92 87 53 51 34 35 48 44 04 50 58 69 10 98 90 18 81 50 86 83 23 48 86 34 06 46 45 59 73 07 82 12 22 56 32 22 43 74 83 32 31
15 35 17 76 29 05 35 12 46 69 02 77 20 29 33 08 17 44 71 07 58 76 49 75 21 34 73 16 92 19 93 89 81 06 33 73 03 32 43 09 44 84 94 92 89 05 99 95 02 61 36 64 72 95 25 23 12 26 27 57 27 20 25 97 06 51 25 92 38 09 85 18 83 53 50 95 16 32 69 93 88 23 71 91 30 20 80 34 48 38 12 99 35 83 66 33 34 17 59 32
42 42 41 92 71 22 83 93 15 78 38 56 62 75 56 75 17 01 45 28 32 58 48 02 53 63 36 16 89 95 71 22 44 31 04 85 00 71 74 42 15 55 73 04 21 90 01 86 49 70 94 31 47 46 99 14 53 88 42 58 46 08 32 38 72 57 69 33 87 75 78 73 70 78 79 30 00 29 55 78 60 81 10 44 66 85 29 13 34 05 77 32 62 68 75 78 97 08 27 92
84 63 90 14 08 59 54 43 60 96 99 04 54 03 03 57 06 76 51 26 50 90 62 41 38 54 97 59 34 88 10 21 41 53 58 11 72 48 80 16 07 56 95 53 56 45 32 54 37 91 61 65 82 55 52 79 24 73 84 53 49 68 24 85 89 72 13 62 50 48 72 96 22 17 24 66 98 14 43 69 02 81 02 07 61 27 43 38 41 62 68 83 59 08 59 79 45 53 57 79
59 97 43 03 47 04 83 81 97 52 62 70 72 54 56 24 39 93 50 65 15 61 24 23 46 96 98 03 91 21 40 88 50 14 32 86 76 62 02 78 62 32 42 12 66 66 13 41 17 70 53 36 69 42 36 54 91 72 86 36 23 76 98 71 35 98 66 01 59 62 61 93 44 68 45 41 36 53 93 37 59 84 16 06 92 80 15 14 94 45 14 26 51 33 95 92 61 47 86 93
12 49 85 97 01 35 37 48 52 62 48 16 02 05 19 41 14 76 40 76 09 01 20 85 68 64 11 76 06 86 37 76 32 35 35 61 44 72 13 33 20 35 00 17 32 77 36 85 80 15 51 29 98 43 56 06 68 21 71 90 56 45 97 71 61 31 92 90 26 29 00 99 18 84 87 28 15 71 52 80 84 65 50 18 17 21 62 89 27 90 63 44 39 21 54 73 01 63 50 95
30 35 53 60 12 50 34 12 49 32 69 67 49 29 01 78 33 11 96 50 80 56 43 60 94 18 63 91 28 78 09 39 87 50 70 76 59 44 54 39 89 33 56 58 82 60 17 68 71 84 53 89 05 28 97 40 03 01 63 75 04 19 31 36 38 05 32 31 48 47 04 81 17 26 94 63 80 51 56 21 91 64 38 36 79 55 70 91 79 31 69 05 65 99 62 54 70 94 38 74
33 24 50 81 26 58 35 31 04 74 27 22 63 47 52 64 79 64 81 14 78 90 17 28 78 71 71 46 89 35 90 54 66 23 78 16 49 68 83 47 92 52 28 36 41 45 72 28 81 97 86 73 33 90 06 86 49 47 12 44 39 76 64 05 36 53 94 40 73 14 25 86 21 24 16 35 62 47 48 03 36 85 14 75 34 45 18 43 36 49 73 98 03 65 26 35 11 11 73 09
37 67 77 23 85 92 40 20 88 60 65 84 88 93 42 85 52 74 87 74 94 76 16 00 56 80 12 08 86 03 35 51 30 90 43 75 06 45 91 11 70 31 06 15 63 19 79 06 32 06 61 46 24 87 39 88 32 96 90 80 36 55 77 63 03 99 86 89 44 90 80 77 17 44 24 43 30 64 62 17 11 26 40 29 78 85 45 25 63 62 12 45 52 17 40 94 86 97 71 33
83 51 92 78 26 65 42 92 08 87 17 62 31 19 18 25 91 33 68 39 26 93 81 30 54 59 02 50 15 10 97 42 40 28 99 37 96 98 62 60 96 01 35 06 21 42 55 29 06 88 24 41 88 85 95 40 15 34 11 18 33 22 66 11 50 18 25 75 39 54 38 65 91 56 73 86 56 02 87 17 61 46 20 92 33 89 81 59 55 69 06 82 19 17 76 21 09 40 44 65
40 40 94 94 23 05 37 71 67 36 69 68 02 35 76 09 27 06 67 96 17 08 41 09 01 72 89 71 90 92 32 73 31 14 81 15 85 60 95 51 93 98 76 67 94 20 79 79 80 69 70 89 30 39 86 39 82 05 01 87 68 35 07 84 08 54 87 42 53 01 81 41 28 61 61 16 98 57 27 19 87 69 37 93 02 59 27 26 94 35 80 36 69 71 42 14 34 45 11 78
63 21 12 92 16 10 06 81 85 60 51 27 52 17 17 12 86 71 11 48 09 66 21 92 36 23 62 36 64 79 93 62 07 02 46 06 12 19 78 44 17 06 40 43 38 35 49 95 60 92 12 58 99 18 56 83 86 80 47 35 22 42 67 39 36 72 45 60 63 14 07 32 24 39 84 60 06 61 38 19 47 75 52 54 54 88 24 68 72 82 99 52 20 14 82 61 14 17 78 65
71 94 92 93 85 55 29 03 34 28 18 83 48 39 10 42 81 13 59 42 74 58 84 72 55 49 62 04 88 53 85 40 11 67 25 19 10 20 90 46 08 86 55 58 18 97 41 87 73 61 65 22 47 51 35 76 39 59 85 10 29 01 74 50 86 36 19 86 25 87 81 84 15 84 95 65 99 81 03 55 21 65 02 78 34 06 99 49 16 42 11 84 74 68 79 57 23 97 75 17
14 36 56 11 73 63 36 07 97 42 32 00 97 05 97 81 10 14 55 64 63 23 63 44 42 35 62 56 96 87 56 52 49 04 46 73 27 30 39 48 60 46 63 15 94 63 78 22 52 24 54 61 80 27 55 96 63 28 83 24 00 34 25 65 34 15 80 31 10 85 16 49 66 90 79 44 23 32 60 13 57 17 74 24 29 33 62 69 63 46 35 20 40 46 41 28 67 11 02 02
79 57 62 78 57 87 88 75 44 96 22 43 07 44 88 53 38 24 47 07 50 43 77 06 79 86 57 89 80 06 23 06 97 34 18 42 11 96 48 21 75 10 95 89 65 85 06 03 76 50 80 12 55 49 33 57 10 17 38 93 73 40 05 31 84 77 16 44 43 10 09 42 64 15 17 09 65 03 05 98 77 02 27 17 91 81 34 23 02 83 22 12 54 54 52 58 03 38 94 76
72 06 92 01 12 69 60 99 41 32 08 22 20 91 45 30 19 65 03 90 83 88 12 05 62 18 61 19 04 15 71 88 84 10 17 93 61 12 96 12 16 39 04 58 04 76 64 05 09 90 51 15 31 74 34 11 57 73 62 60 58 16 56 03 46 97 85 73 58 26 21 88 12 61 75 57 57 29 98 33 24 87 71 59 85 33 27 92 45 25 40 44 88 20 68 26 87 84 46 73
67 60 50 13 77 09 04 67 63 02 86 80 91 89 09 23 13 86 34 69 43 79 00 73 07 84 80 98 18 17 76 08 55 69 60 44 24 21 51 44 21 40 13 85 52 84 87 40 06 64 63 81 82 67 83 96 17 51 49 34 98 22 79 15 66 95 46 97 85 53 58 76 22 87 96 79 87 97 42 52 73 25 36 49 45 08 89 78 89 71 87 57 26 86 72 32 02 12 59 39
65 74 60 77 57 48 03 21 00 29 75 48 59 65 75 58 11 81 86 77 15 49 54 62 04 93 02 30 07 96 71 00 05 41 60 26 96 87 33 71 97 15 47 56 42 66 69 77 73 42 79 74 17 29 68 28 83 27 33 54 98 35 88 60 18 20 76 31 43 87 75 90 07 49 66 86 01 75 87 45 55 19 05 77 93 21 13 26 83 74 35 92 01 54 37 52 37 55 00 31
70 84 93 93 59 63 27 22 60 65 26 24 36 04 54 25 40 35 67 04 96 04 90 41 54 32 78 20 79 05 19 15 56 41 28 49 63 55 77 44 92 61 35 63 16 47 93 88 22 26 19 44 16 70 27 84 71 22 00 86 89 19 22 29 67 14 79 15 00 63 28 38 81 44 54 64 65 07 64 76 99 96 34 73 24 48 21 39 29 85 88 34 87 36 82 68 10 70 82 87
34 91 40 37 98 41 12 89 23 59 91 21 44 72 74 00 62 45 13 78 28 67 38 24 47 56 35 47 84 06 84 65 68 11 42 69 61 13 50 31 29 68 12 12 57 10 10 04 70 29 84 30 73 16 66 91 17 71 22 53 64 99 11 61 94 16 77 29 11 46 34 29 71 40 49 34 30 45 33 44 52 40 24 97 05 22 72 07 79 31 39 73 08 45 68 47 75 86 81 21